[[1.600e+01 0.000e+00 2.700e+01 0.000e+00 7.000e+01 0.000e+00 0.000e+00
  3.000e+00 0.000e+00 1.500e+01]
 [2.400e+01 0.000e+00 8.800e+01 0.000e+00 1.000e+00 0.000e+00 0.000e+00
  0.000e+00 0.000e+00 0.000e+00]
 [7.060e+02 1.580e+02 8.920e+02 6.300e+01 8.680e+02 0.000e+00 0.000e+00
  4.590e+02 0.000e+00 1.280e+02]
 [1.010e+02 1.030e+02 5.600e+01 0.000e+00 1.130e+02 0.000e+00 0.000e+00
  0.000e+00 0.000e+00 6.100e+01]
 [8.000e+00 4.000e+00 8.000e+00 1.000e+00 2.900e+01 0.000e+00 0.000e+00
  0.000e+00 0.000e+00 0.000e+00]
 [1.840e+02 3.400e+01 5.800e+01 2.200e+01 3.040e+02 0.000e+00 0.000e+00
  1.000e+00 0.000e+00 2.200e+01]
 [0.000e+00 3.700e+01 1.780e+02 0.000e+00 7.900e+01 0.000e+00 0.000e+00
  7.000e+00 0.000e+00 0.000e+00]
 [1.800e+01 5.000e+00 3.000e+00 3.000e+00 8.500e+01 0.000e+00 0.000e+00
  2.000e+00 0.000e+00 0.000e+00]
 [3.251e+03 1.229e+03 4.641e+03 1.354e+03 3.231e+03 0.000e+00 0.000e+00
  1.338e+03 0.000e+00 5.500e+02]
 [3.900e+01 1.000e+00 0.000e+00 2.600e+01 1.890e+02 2.700e+01 0.000e+00
  0.000e+00 0.000e+00 0.000e+00]
 [1.300e+02 1.410e+02 3.000e+02 2.000e+01 7.150e+02 0.000e+00 1.300e+01
  1.900e+01 0.000e+00 6.300e+01]
 [5.100e+01 2.800e+01 1.260e+02 1.200e+01 6.800e+01 0.000e+00 0.000e+00
  0.000e+00 0.000e+00 1.600e+01]
 [0.000e+00 3.300e+01 9.000e+00 0.000e+00 1.200e+02 0.000e+00 0.000e+00
  0.000e+00 0.000e+00 1.600e+01]
 [0.000e+00 2.400e+01 3.000e+01 2.000e+01 1.180e+02 0.000e+00 0.000e+00
  2.000e+01 0.000e+00 0.000e+00]
 [8.900e+01 2.000e+00 1.000e+00 2.300e+01 2.200e+02 0.000e+00 0.000e+00
  0.000e+00 0.000e+00 0.000e+00]
 [3.100e+01 5.900e+01 1.150e+02 0.000e+00 7.600e+01 0.000e+00 0.000e+00
  0.000e+00 0.000e+00 3.200e+01]
 [0.000e+00 0.000e+00 1.370e+02 1.800e+01 1.000e+00 0.000e+00 0.000e+00
  0.000e+00 0.000e+00 0.000e+00]
 [8.800e+01 4.200e+01 9.000e+01 0.000e+00 2.070e+02 0.000e+00 0.000e+00
  0.000e+00 0.000e+00 2.690e+02]
 [0.000e+00 0.000e+00 0.000e+00 0.000e+00 2.900e+01 1.000e+00 0.000e+00
  0.000e+00 0.000e+00 0.000e+00]
 [8.080e+02 1.280e+02 4.250e+02 1.220e+02 9.540e+02 0.000e+00 0.000e+00
  1.600e+02 0.000e+00 0.000e+00]
 [0.000e+00 1.500e+01 0.000e+00 0.000e+00 0.000e+00 0.000e+00 0.000e+00
  0.000e+00 0.000e+00 0.000e+00]
 [0.000e+00 0.000e+00 0.000e+00 0.000e+00 8.200e+01 0.000e+00 0.000e+00
  0.000e+00 0.000e+00 0.000e+00]
 [0.000e+00 0.000e+00 1.030e+02 0.000e+00 2.590e+02 0.000e+00 1.000e+00
  2.000e+01 0.000e+00 0.000e+00]
 [0.000e+00 5.000e+01 0.000e+00 0.000e+00 2.300e+01 0.000e+00 0.000e+00
  0.000e+00 0.000e+00 0.000e+00]
 [0.000e+00 1.050e+02 0.000e+00 0.000e+00 4.900e+01 0.000e+00 0.000e+00
  0.000e+00 0.000e+00 0.000e+00]
 [0.000e+00 0.000e+00 0.000e+00 0.000e+00 0.000e+00 3.660e+02 0.000e+00
  0.000e+00 0.000e+00 0.000e+00]
 [0.000e+00 0.000e+00 0.000e+00 0.000e+00 5.300e+01 0.000e+00 0.000e+00
  0.000e+00 0.000e+00 0.000e+00]
 [0.000e+00 0.000e+00 8.700e+01 0.000e+00 6.000e+00 0.000e+00 0.000e+00
  0.000e+00 0.000e+00 0.000e+00]
 [2.100e+01 0.000e+00 2.220e+02 1.380e+02 1.550e+02 0.000e+00 0.000e+00
  0.000e+00 0.000e+00 0.000e+00]
 [0.000e+00 1.000e+00 0.000e+00 0.000e+00 0.000e+00 9.280e+02 0.000e+00
  0.000e+00 2.000e+00 0.000e+00]
 [0.000e+00 0.000e+00 0.000e+00 0.000e+00 1.040e+02 0.000e+00 0.000e+00
  0.000e+00 0.000e+00 0.000e+00]]