[[7.0600e+02 1.5800e+02 8.9200e+02 6.3000e+01 8.6800e+02 0.0000e+00
  0.0000e+00 4.5900e+02 0.0000e+00 1.2800e+02]
 [2.6920e+03 1.9430e+03 2.3220e+03 4.6600e+02 6.4540e+03 2.6300e+02
  0.0000e+00 8.3600e+02 0.0000e+00 2.3100e+02]
 [5.8000e+01 1.9000e+01 9.3000e+01 2.0000e+00 8.7000e+01 0.0000e+00
  0.0000e+00 1.6000e+01 0.0000e+00 2.0000e+00]
 [0.0000e+00 0.0000e+00 7.7000e+01 0.0000e+00 2.3500e+02 0.0000e+00
  0.0000e+00 7.8000e+01 0.0000e+00 1.2000e+01]
 [5.3000e+01 0.0000e+00 7.3000e+01 0.0000e+00 2.7000e+01 0.0000e+00
  0.0000e+00 2.0000e+00 0.0000e+00 7.0000e+00]
 [0.0000e+00 3.7000e+01 1.7800e+02 0.0000e+00 7.9000e+01 0.0000e+00
  0.0000e+00 7.0000e+00 0.0000e+00 0.0000e+00]
 [1.3290e+03 4.5200e+02 1.5520e+03 4.3700e+02 7.3850e+03 0.0000e+00
  8.0000e+00 3.3300e+02 0.0000e+00 9.1000e+01]
 [8.0500e+02 1.7100e+02 7.4400e+02 3.7000e+01 1.3340e+03 0.0000e+00
  0.0000e+00 5.5800e+02 0.0000e+00 3.1800e+02]
 [1.8000e+01 5.0000e+00 3.0000e+00 3.0000e+00 8.5000e+01 0.0000e+00
  0.0000e+00 2.0000e+00 0.0000e+00 0.0000e+00]
 [0.0000e+00 3.3000e+01 9.0000e+00 0.0000e+00 1.2000e+02 0.0000e+00
  0.0000e+00 0.0000e+00 0.0000e+00 1.6000e+01]
 [1.6551e+04 7.2780e+03 2.1666e+04 2.7050e+03 4.9576e+04 0.0000e+00
  0.0000e+00 9.8000e+02 0.0000e+00 4.5500e+02]
 [8.0000e+00 4.0000e+00 8.0000e+00 1.0000e+00 2.9000e+01 0.0000e+00
  0.0000e+00 0.0000e+00 0.0000e+00 0.0000e+00]
 [1.0585e+04 7.0250e+03 2.0602e+04 3.4960e+03 2.2975e+04 0.0000e+00
  0.0000e+00 2.8570e+03 0.0000e+00 5.0000e+02]
 [5.4000e+01 2.7000e+01 2.1000e+02 0.0000e+00 5.5500e+02 0.0000e+00
  0.0000e+00 5.0000e+01 0.0000e+00 1.4000e+01]
 [1.3520e+03 5.7400e+02 3.4910e+03 1.6600e+02 4.3540e+03 8.2000e+01
  1.0000e+01 4.2100e+02 0.0000e+00 2.9900e+02]
 [6.2600e+02 1.2900e+02 1.1720e+03 4.4000e+01 8.8100e+02 3.2000e+01
  0.0000e+00 1.8300e+02 0.0000e+00 2.3500e+02]
 [5.1000e+01 2.8000e+01 1.2600e+02 1.2000e+01 6.8000e+01 0.0000e+00
  0.0000e+00 0.0000e+00 0.0000e+00 1.6000e+01]
 [7.5500e+02 1.0980e+03 3.4590e+03 3.7800e+02 6.7640e+03 0.0000e+00
  0.0000e+00 2.6300e+02 0.0000e+00 1.4200e+02]
 [1.6000e+01 0.0000e+00 2.7000e+01 0.0000e+00 7.0000e+01 0.0000e+00
  0.0000e+00 3.0000e+00 0.0000e+00 1.5000e+01]
 [3.9000e+01 1.0000e+00 0.0000e+00 2.6000e+01 1.8900e+02 2.7000e+01
  0.0000e+00 0.0000e+00 0.0000e+00 0.0000e+00]
 [9.0000e+00 5.0000e+00 9.0000e+00 0.0000e+00 8.2000e+01 0.0000e+00
  0.0000e+00 3.0000e+00 0.0000e+00 0.0000e+00]
 [5.6900e+02 5.2600e+02 7.5000e+02 1.2700e+02 4.5790e+03 1.6200e+02
  3.0000e+00 3.3000e+01 0.0000e+00 8.9000e+01]
 [4.6000e+01 4.8000e+01 1.3800e+02 0.0000e+00 5.6600e+02 0.0000e+00
  0.0000e+00 1.3500e+02 0.0000e+00 7.0000e+01]
 [4.6000e+01 5.0000e+01 3.0800e+02 0.0000e+00 3.8500e+02 6.5000e+01
  0.0000e+00 0.0000e+00 0.0000e+00 1.5000e+01]
 [3.2000e+01 3.2000e+01 1.3000e+02 1.4000e+01 2.2400e+02 0.0000e+00
  0.0000e+00 1.8000e+01 0.0000e+00 2.4000e+01]
 [9.5000e+01 8.7000e+01 1.0700e+02 0.0000e+00 1.5200e+02 0.0000e+00
  0.0000e+00 0.0000e+00 0.0000e+00 1.0000e+01]
 [8.4000e+01 3.1000e+01 1.0900e+02 2.8000e+01 5.2000e+02 0.0000e+00
  0.0000e+00 0.0000e+00 0.0000e+00 0.0000e+00]
 [7.1000e+01 6.3000e+01 1.5500e+02 0.0000e+00 5.6000e+02 0.0000e+00
  0.0000e+00 0.0000e+00 0.0000e+00 0.0000e+00]
 [8.2800e+02 3.4900e+02 6.4100e+02 1.3000e+01 8.6030e+03 0.0000e+00
  0.0000e+00 3.9700e+02 0.0000e+00 1.0000e+00]
 [5.1900e+02 7.7100e+02 1.9020e+03 6.5500e+02 3.2400e+03 0.0000e+00
  0.0000e+00 2.3700e+02 0.0000e+00 7.2000e+01]
 [0.0000e+00 2.4000e+01 3.0000e+01 2.0000e+01 1.1800e+02 0.0000e+00
  0.0000e+00 2.0000e+01 0.0000e+00 0.0000e+00]
 [3.2510e+03 1.2290e+03 4.6410e+03 1.3540e+03 3.2310e+03 0.0000e+00
  0.0000e+00 1.3380e+03 0.0000e+00 5.5000e+02]
 [1.1410e+03 1.1580e+03 3.8740e+03 5.2600e+02 7.7420e+03 1.6000e+01
  5.0000e+00 1.8300e+02 0.0000e+00 2.0300e+02]
 [3.1850e+03 1.6600e+03 1.8350e+03 6.6700e+02 5.3680e+03 0.0000e+00
  0.0000e+00 9.3500e+02 0.0000e+00 6.4900e+02]
 [8.0000e+01 1.5400e+02 1.8800e+02 0.0000e+00 3.4300e+02 0.0000e+00
  0.0000e+00 0.0000e+00 0.0000e+00 2.6000e+01]
 [2.4000e+01 0.0000e+00 8.8000e+01 0.0000e+00 1.0000e+00 0.0000e+00
  0.0000e+00 0.0000e+00 0.0000e+00 0.0000e+00]
 [1.0100e+02 1.0300e+02 5.6000e+01 0.0000e+00 1.1300e+02 0.0000e+00
  0.0000e+00 0.0000e+00 0.0000e+00 6.1000e+01]
 [3.6100e+02 6.1700e+02 1.5680e+03 1.7900e+02 5.7290e+03 5.4000e+01
  0.0000e+00 2.1400e+02 0.0000e+00 6.7000e+01]
 [0.0000e+00 0.0000e+00 0.0000e+00 0.0000e+00 8.2000e+01 3.5050e+03
  0.0000e+00 0.0000e+00 0.0000e+00 0.0000e+00]
 [0.0000e+00 0.0000e+00 0.0000e+00 0.0000e+00 0.0000e+00 7.3300e+02
  4.8000e+01 0.0000e+00 3.5900e+02 0.0000e+00]
 [2.1000e+01 0.0000e+00 2.2200e+02 1.3800e+02 1.5500e+02 0.0000e+00
  0.0000e+00 0.0000e+00 0.0000e+00 0.0000e+00]
 [8.0800e+02 1.2800e+02 4.2500e+02 1.2200e+02 9.5400e+02 0.0000e+00
  0.0000e+00 1.6000e+02 0.0000e+00 0.0000e+00]
 [1.3200e+02 1.0000e+00 0.0000e+00 7.0000e+00 1.1800e+02 0.0000e+00
  0.0000e+00 1.0000e+00 0.0000e+00 0.0000e+00]
 [0.0000e+00 0.0000e+00 0.0000e+00 5.6000e+01 4.7000e+01 0.0000e+00
  0.0000e+00 1.1400e+02 0.0000e+00 0.0000e+00]
 [0.0000e+00 1.0500e+02 0.0000e+00 0.0000e+00 4.9000e+01 0.0000e+00
  0.0000e+00 0.0000e+00 0.0000e+00 0.0000e+00]
 [8.8000e+01 4.2000e+01 9.0000e+01 0.0000e+00 2.0700e+02 0.0000e+00
  0.0000e+00 0.0000e+00 0.0000e+00 2.6900e+02]
 [0.0000e+00 0.0000e+00 0.0000e+00 0.0000e+00 4.4000e+01 0.0000e+00
  0.0000e+00 0.0000e+00 0.0000e+00 0.0000e+00]
 [1.4700e+02 0.0000e+00 0.0000e+00 0.0000e+00 3.3000e+02 0.0000e+00
  1.7900e+02 0.0000e+00 0.0000e+00 0.0000e+00]
 [8.2000e+01 0.0000e+00 8.2000e+01 0.0000e+00 1.4500e+02 0.0000e+00
  4.4000e+01 0.0000e+00 0.0000e+00 0.0000e+00]
 [0.0000e+00 0.0000e+00 2.2300e+02 0.0000e+00 0.0000e+00 0.0000e+00
  0.0000e+00 0.0000e+00 0.0000e+00 0.0000e+00]
 [0.0000e+00 0.0000e+00 2.6000e+01 0.0000e+00 4.7000e+01 0.0000e+00
  3.2000e+01 0.0000e+00 0.0000e+00 0.0000e+00]
 [9.1000e+01 0.0000e+00 3.4200e+02 2.0000e+00 9.9000e+01 0.0000e+00
  2.5700e+02 0.0000e+00 0.0000e+00 1.2800e+02]
 [0.0000e+00 0.0000e+00 0.0000e+00 0.0000e+00 8.2000e+01 0.0000e+00
  0.0000e+00 0.0000e+00 0.0000e+00 0.0000e+00]
 [0.0000e+00 1.2100e+02 4.0000e+00 0.0000e+00 0.0000e+00 0.0000e+00
  0.0000e+00 0.0000e+00 0.0000e+00 0.0000e+00]
 [0.0000e+00 0.0000e+00 0.0000e+00 0.0000e+00 1.3200e+02 0.0000e+00
  5.6000e+01 0.0000e+00 0.0000e+00 0.0000e+00]
 [0.0000e+00 0.0000e+00 0.0000e+00 0.0000e+00 1.0400e+02 0.0000e+00
  0.0000e+00 0.0000e+00 0.0000e+00 0.0000e+00]
 [0.0000e+00 0.0000e+00 0.0000e+00 0.0000e+00 0.0000e+00 0.0000e+00
  2.4000e+01 0.0000e+00 7.6200e+02 0.0000e+00]
 [0.0000e+00 6.6000e+01 3.3200e+02 5.0000e+00 2.1600e+02 0.0000e+00
  1.1000e+01 0.0000e+00 0.0000e+00 0.0000e+00]
 [0.0000e+00 0.0000e+00 0.0000e+00 0.0000e+00 0.0000e+00 9.5100e+02
  3.6500e+02 4.0000e+00 3.5700e+03 0.0000e+00]
 [0.0000e+00 0.0000e+00 3.8200e+02 6.6000e+01 2.5800e+02 0.0000e+00
  0.0000e+00 2.0000e+00 0.0000e+00 0.0000e+00]
 [3.1000e+01 5.9000e+01 1.1500e+02 0.0000e+00 7.6000e+01 0.0000e+00
  0.0000e+00 0.0000e+00 0.0000e+00 3.2000e+01]
 [0.0000e+00 5.0000e+01 0.0000e+00 0.0000e+00 2.3000e+01 0.0000e+00
  0.0000e+00 0.0000e+00 0.0000e+00 0.0000e+00]
 [0.0000e+00 0.0000e+00 0.0000e+00 0.0000e+00 0.0000e+00 0.0000e+00
  5.2080e+03 0.0000e+00 0.0000e+00 0.0000e+00]
 [1.4000e+01 0.0000e+00 1.0000e+00 0.0000e+00 5.2000e+01 0.0000e+00
  5.5000e+01 0.0000e+00 0.0000e+00 0.0000e+00]
 [0.0000e+00 0.0000e+00 1.0500e+02 0.0000e+00 9.3000e+01 0.0000e+00
  1.6900e+02 0.0000e+00 0.0000e+00 0.0000e+00]
 [0.0000e+00 0.0000e+00 1.0000e+00 2.8000e+01 1.7800e+02 0.0000e+00
  0.0000e+00 8.5000e+01 0.0000e+00 0.0000e+00]]